-- SPDX-License-Identifier: MIT
-- Generated by viz_native/gen_rigrest.cpp from soma_rig.h: the rest-world
-- rotation (M3) of the SOMA bone each device node 0..14 drives.  Local +X is
-- the bone's long axis; world is +X left, +Y up, +Z forward.
import Sinew.Math

namespace Sinew.RigRest
open Sinew.Math

/-- Rest-world rotation of the SOMA bone driven by device node i (0..14). -/
def restWorld : Array M3 := #[
  --  0 Hips (Hips)
  ⟨⟨-0.000067333, 0.003524997, 0.999993801⟩, ⟨0.998784602, -0.049287543, 0.000240991⟩, ⟨0.049288101, 0.998778403, -0.003517394⟩⟩,
  --  1 LeftUpperLeg (LeftLeg)
  ⟨⟨0.097632118, 0.029614650, 0.994781792⟩, ⟨-0.995218039, -0.000101381, 0.097677946⟩, ⟨0.002993546, -0.999561310, 0.029463137⟩⟩,
  --  2 RightUpperLeg (RightLeg)
  ⟨⟨0.096964866, 0.033512548, 0.994723558⟩, ⟨0.995283782, -0.000422317, -0.097005248⟩, ⟨-0.002830807, 0.999438286, -0.033395439⟩⟩,
  --  3 LeftLowerLeg (LeftShin)
  ⟨⟨0.094746038, 0.077031851, 0.992516696⟩, ⟨-0.991430342, 0.097376257, 0.087084696⟩, ⟨-0.089939266, -0.992261946, 0.085597739⟩⟩,
  --  4 RightLowerLeg (RightShin)
  ⟨⟨0.094779618, 0.083021745, 0.992030382⟩, ⟨0.991413653, -0.098052070, -0.086514845⟩, ⟨0.090088025, 0.991712272, -0.091602221⟩⟩,
  --  5 LeftFoot (LeftFoot)
  ⟨⟨-0.068150282, -0.056077685, 0.996097803⟩, ⟨-0.324548692, -0.942868054, -0.075285733⟩, ⟨0.943410754, -0.328412950, 0.046056792⟩⟩,
  --  6 RightFoot (RightFoot)
  ⟨⟨-0.068096273, -0.056184661, 0.996095598⟩, ⟨0.325165749, 0.942646444, 0.075399235⟩, ⟨-0.943202078, 0.329030544, -0.045921385⟩⟩,
  --  7 Chest (Chest)
  ⟨⟨-0.005026114, 0.040204965, 0.999178708⟩, ⟨0.999256253, 0.038404088, 0.003481199⟩, ⟨-0.038232580, 0.998453140, -0.040368084⟩⟩,
  --  8 Head (Head)
  ⟨⟨-0.000218810, 0.000201915, 1.000000000⟩, ⟨0.989776134, 0.142629564, 0.000187774⟩, ⟨-0.142629519, 0.989776194, -0.000231059⟩⟩,
  --  9 LeftUpperArm (LeftArm)
  ⟨⟨0.672812939, 0.245170683, -0.698007464⟩, ⟨-0.734584272, 0.333363056, -0.590977907⟩, ⟨0.087799340, 0.910362780, 0.404389530⟩⟩,
  -- 10 RightUpperArm (RightArm)
  ⟨⟨0.672242999, 0.247139543, -0.697862089⟩, ⟨0.735198677, -0.333652943, 0.590049803⟩, ⟨-0.087019086, -0.909723997, -0.405992478⟩⟩,
  -- 11 LeftLowerArm (LeftForeArm)
  ⟨⟨0.540059507, -0.206843063, -0.815813422⟩, ⟨-0.555090547, 0.641071081, -0.530002296⟩, ⟨0.632621765, 0.739083052, 0.231399953⟩⟩,
  -- 12 RightLowerArm (RightForeArm)
  ⟨⟨0.539734244, -0.207622290, -0.815830767⟩, ⟨0.554645896, -0.641330719, 0.530153751⟩, ⟨-0.633289099, -0.738639295, -0.230991215⟩⟩,
  -- 13 LeftHand (LeftHand)
  ⟨⟨0.421100438, -0.582597136, -0.695165396⟩, ⟨-0.457148582, 0.525636792, -0.717440724⟩, ⟨0.783383429, 0.619908452, -0.044987559⟩⟩,
  -- 14 RightHand (RightHand)
  ⟨⟨0.421109587, -0.582515955, -0.695227981⟩, ⟨0.457075268, -0.525771141, 0.717388928⟩, ⟨-0.783421278, -0.619870901, 0.044846386⟩⟩
]

/-- Toward-child unit long axis (RCSF +Y) of each bone in world at rest. -/
def restAxis : Array V3 := #[
  ⟨0.008218081, 0.998380840, 0.056286089⟩,  --  0 Hips→Spine1
  ⟨0.097632170, -0.995218098, 0.002993527⟩,  --  1 LeftLeg→LeftShin
  ⟨-0.096964858, -0.995283782, 0.002830815⟩,  --  2 RightLeg→RightShin
  ⟨0.094746016, -0.991430342, -0.089939222⟩,  --  3 LeftShin→LeftFoot
  ⟨-0.094779633, -0.991413593, -0.090088032⟩,  --  4 RightShin→RightFoot
  ⟨-0.068150349, -0.324548334, 0.943410754⟩,  --  5 LeftFoot→LeftToeBase
  ⟨0.068096362, -0.325166106, 0.943201900⟩,  --  6 RightFoot→RightToeBase
  ⟨-0.000668359, 0.999405563, -0.034467869⟩,  --  7 Chest→Neck1
  ⟨-0.000290945, 0.989136159, -0.147001803⟩,  --  8 Head→HeadEnd
  ⟨0.672812879, -0.734584272, 0.087799281⟩,  --  9 LeftArm→LeftForeArm
  ⟨-0.672242939, -0.735198677, 0.087018952⟩,  -- 10 RightArm→RightForeArm
  ⟨0.540059507, -0.555090606, 0.632621646⟩,  -- 11 LeftForeArm→LeftHand
  ⟨-0.539734006, -0.554645956, 0.633289099⟩,  -- 12 RightForeArm→RightHand
  ⟨0.301916838, -0.217885539, 0.928101361⟩,  -- 13 LeftHand→LeftHandMiddle1
  ⟨-0.302002281, -0.217770383, 0.928100586⟩  -- 14 RightHand→RightHandMiddle1
]

/-- Parent tracked node of each node 0..14 (15 = root). -/
def parentNode : Array Nat := #[15, 0, 0, 1, 2, 3, 4, 0, 7, 7, 7, 9, 10, 11, 12]

/-- Rest offset parent→joint in the parent's rest frame (FK lever arm). -/
def restOffset : Array V3 := #[
  ⟨0.000000000, 0.000000000, 0.000000000⟩,  --  0 Hips
  ⟨-0.083030835, 0.021451764, 0.112491630⟩,  --  1 LeftLeg
  ⟨-0.083239488, 0.020776773, -0.112406038⟩,  --  2 RightLeg
  ⟨0.493011981, 0.000000012, 0.000000020⟩,  --  3 LeftShin
  ⟨-0.492796898, 0.000000005, -0.000000010⟩,  --  4 RightShin
  ⟨0.496559143, -0.000000022, 0.000000003⟩,  --  5 LeftFoot
  ⟨-0.496415436, -0.000000011, -0.000000009⟩,  --  6 RightFoot
  ⟨0.202143341, -0.016765120, 0.000538908⟩,  --  7 Chest
  ⟨0.419148952, 0.043982774, 0.000137058⟩,  --  8 Head
  ⟨0.226489872, 0.002810765, 0.193096593⟩,  --  9 LeftArm
  ⟨0.228502318, -0.012604190, -0.191100955⟩,  -- 10 RightArm
  ⟨0.307740539, -0.000000020, -0.000000079⟩,  -- 11 LeftForeArm
  ⟨-0.307738811, 0.000000047, -0.000000006⟩,  -- 12 RightForeArm
  ⟨0.292127252, -0.000000045, 0.000000030⟩,  -- 13 LeftHand
  ⟨-0.292160898, 0.000000030, -0.000000063⟩  -- 14 RightHand
]

end Sinew.RigRest
